NAME : single
TYPE : ATSP
DIMENSION : 10
EDGE_WEIGHT_TYPE : EXPLICIT
EDGE_WEIGHT_FORMAT : FULL_MATRIX
EDGE_WEIGHT_SECTION
0 975 1196 2434 2611 2753 2745 0 2540 2122 
199684 0 406 2053 2230 2372 2364 975 1750 1332 
199629 406 0 2189 2090 2246 2000 1196 1343 926 
199911 2053 2189 0 176 329 374 2434 870 1263 
199876 2230 2090 176 0 246 275 2611 771 1164 
199847 2372 2246 329 246 0 468 2753 927 1320 
199849 2364 2000 374 275 468 0 2745 681 1074 
199586 975 1196 2434 2611 2753 2745 0 2540 2122 
199737 1750 1343 870 771 927 681 2540 0 417 
199658 1332 926 1263 1164 1320 1074 2122 417 0 
EOF